7 24 0 0 49
5 16383 131071 2097151 4194303 8388607
8 80 104 12 3 0 0 0 0
8 120 68 30 67 127 127 127 127
638
7816 0 -1 0 d
0 0 0 0 d
8244 0 1 0 d
34 0 2 0 d
34 0 3 0 d
8227 0 4 0 d
7793 0 5 0 d
11202 0 6 0 d
25292 0 7 0 d
10 0 8 0 d
8251 0 9 0 d
94776 0 10 0 d
7968 0 11 0 d
8819 0 12 0 d
110612 0 13 0 d
45076 0 13 0 d
897044 0 13 0 d
1486868 0 13 0 d
569364 0 13 0 d
372756 0 13 0 d
700436 0 13 0 d
1159188 0 13 0 d
634900 0 13 0 d
1421332 0 13 0 d
1683476 0 13 0 d
1617940 0 13 0 d
438292 0 13 0 d
176148 0 13 0 d
1093652 0 13 0 d
831508 0 13 0 d
1355796 0 13 0 d
196622 0 14 0 d
14 0 14 0 d
65550 0 14 0 d
720910 0 14 0 d
1114126 0 14 0 d
1769486 0 14 0 d
1038 0 15 0 d
1048590 0 15 0 d
14 0 15 0 d
262158 0 15 0 d
524302 0 15 0 d
1572878 0 15 0 d
720910 0 16 0 d
1769486 0 16 0 d
196622 0 16 0 d
393230 0 17 0 d
1441806 0 17 0 d
524302 0 17 0 d
14 0 17 0 d
786446 0 18 0 d
14 0 18 0 d
1048590 0 18 0 d
262158 0 18 0 d
1572878 0 18 0 d
524302 0 18 0 d
196622 0 19 0 d
720910 0 19 0 d
1310734 0 20 0 d
14 0 20 0 d
262158 0 20 0 d
1048590 0 20 0 d
1638414 0 20 0 d
65550 0 20 0 d
196622 0 21 0 d
720910 0 21 0 d
65550 0 21 0 d
1114126 0 21 0 d
1245198 0 21 0 d
1769486 0 21 0 d
320322 0 40 0 d
65550 0 22 0 d
196622 0 23 0 d
22082 0 41 0 d
1594946 0 41 0 d
546370 0 41 0 d
1638414 0 24 0 d
1594946 0 42 0 d
218690 0 43 0 d
1791554 0 43 0 d
1572878 0 25 0 d
1048590 0 25 0 d
524302 0 25 0 d
14 0 25 0 d
1791554 0 44 0 d
218690 0 45 0 d
14 0 26 0 d
393230 0 26 0 d
451394 0 46 0 d
22082 0 47 0 d
65550 0 27 0 d
14 0 27 0 d
262158 0 27 0 d
22082 0 48 0 d
1594946 0 48 0 d
1048590 0 28 0 d
1038 0 28 0 d
14 0 28 0 d
524302 0 28 0 d
1572878 0 28 0 d
58178 0 49 0 d
22082 0 49 0 d
1594946 0 49 0 d
786446 0 29 0 d
14 0 29 0 d
524302 0 29 0 d
451394 0 50 0 d
14 0 30 0 d
22082 0 51 0 d
218690 0 31 0 d
22082 0 32 0 d
1594946 0 52 0 d
218690 0 33 0 d
1267266 0 33 0 d
87618 0 33 0 d
284226 0 53 0 d
58178 0 53 0 d
320322 0 53 0 d
415298 0 53 0 d
451394 0 53 0 d
22082 0 53 0 d
58178 0 54 0 d
1594946 0 54 0 d
1070658 0 54 0 d
22082 0 54 0 d
218690 0 34 0 d
1791554 0 34 0 d
742978 0 34 0 d
22082 0 55 0 d
1594946 0 55 0 d
546370 0 55 0 d
1267266 0 35 0 d
1791554 0 36 0 d
218690 0 56 0 d
1267266 0 56 0 d
1791554 0 57 0 d
218690 0 57 0 d
582210 0 37 0 d
22082 0 59 0 d
58178 0 59 0 d
1594946 0 38 0 d
22082 0 38 0 d
1631042 0 38 0 d
1106754 0 38 0 d
218690 0 62 0 d
1791554 0 65 0 d
22082 0 39 0 d
1631042 0 39 0 d
546370 0 39 0 d
58178 0 39 0 d
189250 0 39 0 d
1594946 0 39 0 d
1791554 0 67 0 d
1267266 0 67 0 d
87618 0 67 0 d
284226 0 60 0 d
22082 0 60 0 d
415298 0 60 0 d
58178 0 60 0 d
742978 0 68 0 d
218690 0 68 0 d
243462 0 70 0 d
22082 0 61 0 d
218690 0 63 0 d
218690 0 71 0 d
243462 0 73 0 d
218690 0 64 0 d
1292038 0 74 0 d
218690 0 76 0 d
1660482 0 76 0 d
243462 0 78 0 d
218690 0 66 0 d
1791554 0 69 0 d
1070658 0 80 0 d
22082 0 80 0 d
1594946 0 80 0 d
546370 0 80 0 d
218690 0 72 0 d
767750 0 75 0 d
1816326 0 75 0 d
1292038 0 77 0 d
243462 0 79 0 d
1594946 0 81 0 d
546370 0 81 0 d
546370 0 83 0 d
1816326 0 84 0 d
1292038 0 84 0 d
243462 0 85 0 d
22082 0 86 0 d
1594946 0 86 0 d
243462 0 89 0 d
189250 0 87 0 d
243462 0 88 0 d
218690 0 90 0 d
87618 0 90 0 d
243462 0 93 0 d
1292038 0 94 0 d
22082 0 91 0 d
58178 0 91 0 d
1594946 0 91 0 d
189250 0 91 0 d
1631042 0 91 0 d
320066 0 92 0 d
415298 0 92 0 d
320322 0 92 0 d
58178 0 92 0 d
1594946 0 95 0 d
546370 0 95 0 d
1630786 0 96 0 d
22082 0 97 0 d
1594946 0 97 0 d
1070658 0 98 0 d
1594946 0 98 0 d
58178 0 98 0 d
243462 0 101 0 d
284226 0 103 0 d
1594946 0 99 0 d
243462 0 100 0 d
243462 0 106 0 d
22082 0 107 0 d
1292038 0 102 0 d
243462 0 110 0 d
22082 0 104 0 d
546370 0 104 0 d
1594946 0 105 0 d
22082 0 105 0 d
243462 0 108 0 d
243462 0 115 0 d
243462 0 117 0 d
243462 0 109 0 d
243462 0 120 0 d
243462 0 121 0 d
1292038 0 111 0 d
1292038 0 122 0 d
243462 0 123 0 d
243462 0 112 0 d
1292038 0 112 0 d
243462 0 124 0 d
243462 0 126 0 d
1816326 0 113 0 d
243462 0 113 0 d
1292038 0 113 0 d
243462 0 116 0 d
243462 0 127 0 d
243462 0 118 0 d
243462 0 133 0 d
1292038 0 133 0 d
243462 0 125 0 d
243462 0 128 0 d
1292038 0 129 0 d
243462 0 134 0 d
243462 0 136 0 d
243462 0 138 0 d
243462 0 139 0 d
767750 0 130 0 d
1816326 0 130 0 d
1292038 0 140 0 d
243462 0 143 0 d
243462 0 144 0 d
1292038 0 135 0 d
1816326 0 137 0 d
243462 0 146 0 d
243462 0 141 0 d
1816326 0 148 0 d
767750 0 148 0 d
1292038 0 151 0 d
1816326 0 145 0 d
1292038 0 147 0 d
243462 0 149 0 d
1816326 0 152 0 d
1292038 0 154 0 d
243462 0 150 0 d
243462 0 155 0 d
243462 0 156 0 d
1292038 0 153 0 d
243462 0 157 0 d
1292038 0 159 0 d
1292038 0 160 0 d
325404 0 161 0 d
243462 0 162 0 d
1292038 0 166 0 d
325404 0 165 0 d
243462 0 168 0 d
1292038 0 169 0 d
325404 0 167 0 d
849692 0 167 0 d
587548 0 170 0 d
325404 0 170 0 d
1292038 0 175 0 d
1816326 0 175 0 d
243462 0 171 0 d
1292038 0 171 0 d
243462 0 177 0 d
243462 0 173 0 d
587548 0 181 0 d
243462 0 174 0 d
1292038 0 182 0 d
1816326 0 182 0 d
767750 0 184 0 d
767750 0 176 0 d
1636124 0 186 0 d
587548 0 186 0 d
243462 0 188 0 d
587548 0 178 0 d
1636124 0 178 0 d
1292038 0 189 0 d
325404 0 190 0 d
243462 0 193 0 d
1636124 0 179 0 d
243462 0 197 0 d
243462 0 198 0 d
243462 0 200 0 d
1292038 0 201 0 d
243462 0 202 0 d
243462 0 205 0 d
1816326 0 207 0 d
767750 0 207 0 d
1816326 0 208 0 d
1292038 0 210 0 d
243462 0 211 0 d
325404 0 214 0 d
1816326 0 216 0 d
325404 0 217 0 d
243462 0 219 0 d
325404 0 220 0 d
243462 0 222 0 d
767750 0 223 0 d
243462 0 225 0 d
325404 0 226 0 d
63260 0 226 0 d
325404 0 227 0 d
325404 0 228 0 d
325404 0 229 0 d
587548 0 229 0 d
325404 0 230 0 d
325404 0 231 0 d
325404 0 232 0 d
325404 0 233 0 d
849692 0 233 0 d
325404 0 234 0 d
325404 0 235 0 d
1636124 0 235 0 d
587548 0 235 0 d
63260 0 235 0 d
1636124 0 236 0 d
325404 0 237 0 d
63260 0 238 0 d
587548 0 238 0 d
587548 0 239 0 d
325404 0 240 0 d
587548 0 240 0 d
1636124 0 241 0 d
325404 0 261 0 d
63260 0 261 0 d
587548 0 261 0 d
325404 0 262 0 d
1636124 0 263 0 d
587548 0 263 0 d
587548 0 264 0 d
1636124 0 264 0 d
325404 0 265 0 d
849692 0 265 0 d
1636124 0 266 0 d
325404 0 267 0 d
171044 0 284 0 d
39972 0 284 0 d
1481764 0 284 0 d
325404 0 268 0 d
1636124 0 269 0 d
433188 0 285 0 d
1481764 0 285 0 d
39972 0 285 0 d
564260 0 285 0 d
1636124 0 270 0 d
826404 0 286 0 d
793636 0 286 0 d
325404 0 271 0 d
325404 0 272 0 d
325404 0 273 0 d
325404 0 275 0 d
325404 0 276 0 d
171044 0 287 0 d
138276 0 287 0 d
695332 0 287 0 d
1636124 0 277 0 d
849692 0 288 0 d
171044 0 278 0 d
695332 0 278 0 d
325404 0 279 0 d
1636124 0 280 0 d
1636124 0 289 0 d
39972 0 281 0 d
171044 0 281 0 d
1636124 0 290 0 d
587548 0 290 0 d
325404 0 290 0 d
325404 0 282 0 d
1612836 0 304 0 d
1636124 0 291 0 d
325404 0 305 0 d
695332 0 306 0 d
325404 0 292 0 d
325404 0 307 0 d
767750 0 183 0 d
587548 0 185 0 d
243462 0 191 0 d
243462 0 194 0 d
325404 0 293 0 d
325404 0 295 0 d
1636124 0 297 0 d
1636124 0 298 0 d
587548 0 298 0 d
325404 0 195 0 d
325404 0 196 0 d
587548 0 299 0 d
1580068 0 300 0 d
1292038 0 199 0 d
243462 0 203 0 d
793636 0 301 0 d
243462 0 204 0 d
243462 0 209 0 d
243462 0 213 0 d
325404 0 302 0 d
63260 0 302 0 d
243462 0 215 0 d
325404 0 218 0 d
1612836 0 303 0 d
1292038 0 224 0 d
564260 0 308 0 d
1612836 0 308 0 d
325404 0 310 0 d
325404 0 311 0 d
325404 0 312 0 d
325404 0 314 0 d
1636124 0 315 0 d
1636124 0 317 0 q
587548 0 187 0 d
1636124 0 187 0 d
325404 0 187 0 q
325404 0 192 0 d
325404 0 318 0 q
325404 0 319 0 q
1292038 0 212 0 d
171044 0 320 0 q
1636124 0 321 0 q
587548 0 321 0 d
171044 0 328 0 d
39972 0 328 0 q
63260 0 221 0 d
325404 0 221 0 q
564260 0 329 0 d
325404 0 309 0 d
587548 0 309 0 q
325404 0 313 0 d
1636124 0 316 0 q
695332 0 322 0 q
695332 0 324 0 d
325404 0 325 0 q
587548 0 326 0 q
171044 0 332 0 q
695332 0 332 0 q
433188 0 332 0 q
138276 0 332 0 q
662564 0 332 0 q
203812 0 332 0 q
7204 0 332 0 q
7204 0 333 0 q
63260 0 327 0 q
325404 0 327 0 q
171044 0 330 0 q
695332 0 330 0 q
171044 0 337 0 q
171044 0 331 0 q
695332 0 331 0 q
695332 0 334 0 q
695332 0 339 0 q
171044 0 339 0 q
564260 0 338 0 q
1317924 0 341 0 q
72740 0 343 0 q
7204 0 343 0 q
72740 0 350 0 q
1317924 0 351 0 q
138276 0 340 0 q
662564 0 340 0 q
203812 0 340 0 q
171044 0 340 0 q
7204 0 340 0 q
695332 0 340 0 q
39972 0 340 0 q
72740 0 340 0 q
597028 0 340 0 q
728100 0 340 0 q
325404 0 242 0 q
7204 0 342 0 q
793636 0 342 0 q
325404 0 245 0 q
587548 0 245 0 q
1317924 0 344 0 q
325404 0 249 0 q
849692 0 249 0 q
1636124 0 251 0 q
695332 0 345 0 q
325404 0 252 0 q
39972 0 346 0 q
793636 0 347 0 q
325404 0 253 0 q
587548 0 254 0 q
1636124 0 254 0 q
7204 0 348 0 q
1636124 0 255 0 q
138276 0 349 0 q
203812 0 349 0 q
171044 0 349 0 q
325404 0 243 0 q
325404 0 256 0 q
849692 0 256 0 q
325404 0 244 0 q
325404 0 257 0 q
325404 0 258 0 q
1636124 0 246 0 q
39972 0 353 0 q
564260 0 353 0 q
7204 0 353 0 q
325404 0 247 0 q
39972 0 354 0 q
564260 0 354 0 q
1612836 0 354 0 q
325404 0 248 0 q
63260 0 248 0 q
587548 0 250 0 q
1636124 0 259 0 q
1612836 0 358 0 q
39972 0 358 0 q
1612836 0 359 0 q
433188 0 361 0 q
1580068 0 362 0 q
171044 0 352 0 q
1481764 0 352 0 q
695332 0 352 0 q
39972 0 352 0 q
433188 0 352 0 q
171044 0 363 0 q
74004 0 364 0 q
8468 0 365 0 q
171044 0 355 0 q
695332 0 355 0 q
1612836 0 356 0 q
564260 0 356 0 q
1350692 0 356 0 q
171044 0 367 0 q
695332 0 367 0 q
74004 0 369 0 q
8468 0 371 0 q
39972 0 357 0 q
532756 0 372 0 q
794900 0 374 0 q
695332 0 377 0 q
695332 0 378 0 q
171044 0 360 0 q
39972 0 360 0 q
695332 0 360 0 q
598292 0 366 0 q
1481764 0 380 0 q
433188 0 380 0 q
1317924 0 368 0 q
598292 0 370 0 q
1317924 0 373 0 q
860436 0 383 0 q
794900 0 375 0 q
74004 0 386 0 q
171044 0 376 0 q
1612836 0 390 0 q
336148 0 381 0 q
793636 0 394 0 q
270612 0 382 0 q
1317924 0 384 0 q
171044 0 395 0 q
597028 0 395 0 q
203812 0 395 0 q
138276 0 395 0 q
1350692 0 389 0 q
1317924 0 389 0 q
695332 0 396 0 q
8468 0 391 0 q
171044 0 399 0 q
1384724 0 400 0 q
336148 0 392 0 q
74004 0 392 0 q
138276 0 401 0 q
171044 0 401 0 q
1317924 0 393 0 q
1317924 0 398 0 q
793636 0 404 0 q
39972 0 402 0 q
587548 0 403 0 q
325404 0 405 0 q
325404 0 406 0 q
695332 0 407 0 q
695332 0 408 0 q
695332 0 412 0 q
171044 0 412 0 q
1612836 0 409 0 q
1612836 0 410 0 q
171044 0 413 0 q
695332 0 413 0 q
1612836 0 411 0 q
1319188 0 415 0 q
325404 0 416 0 q
39972 0 414 0 q
325404 0 419 0 q
325404 0 417 0 q
325404 0 420 0 q
39972 0 423 0 q
171044 0 422 0 q
695332 0 422 0 q
171044 0 425 0 q
325404 0 424 0 q
325404 0 427 0 q
171044 0 431 0 q
532756 0 426 0 q
532756 0 428 0 q
171044 0 433 0 q
695332 0 433 0 q
1612836 0 434 0 q
171044 0 430 0 q
695332 0 430 0 q
826404 0 436 0 q
793636 0 436 0 q
695332 0 432 0 q
1317924 0 437 0 q
695332 0 439 0 q
74004 0 446 0 q
7204 0 448 0 q
8468 0 450 0 q
171044 0 451 0 q
695332 0 451 0 q
860436 0 456 0 q
1
DARCY
