7 23 0 0 49
14 137 475 515 9 30 33 1048688 3210 4824 92 20 30 32 115
7 8388607 8388607 16383 131071 2097151 4194303 8388607
10 0 64 80 104 12 3 0 0 0 0
10 0 0 120 68 30 67 127 127 127 127
327
16521 0 -1 0 d
16859 0 0 0 d
49667 0 1 0 d
32777 0 2 0 d
114718 0 3 0 d
114721 0 4 0 d
112 0 5 0 d
3210 0 6 0 d
4824 0 7 0 d
92 0 8 0 d
16404 0 9 0 d
30 0 10 0 d
32800 0 11 0 d
98419 0 12 0 d
7816 0 13 0 d
0 0 14 0 d
8500 0 15 0 d
8244 0 15 0 d
34 0 16 0 d
34 0 17 0 d
546 0 17 0 d
34 0 18 0 d
1050 0 18 0 d
26 0 18 0 d
1058 0 18 0 d
290 0 18 0 d
34 0 19 0 d
1050 0 19 0 d
1058 0 19 0 d
26 0 19 0 d
546 0 19 0 d
290 0 19 0 d
34 0 20 0 d
26 0 20 0 d
1570 0 20 0 d
546 0 20 0 d
8227 0 21 0 d
8739 0 21 0 d
11299 0 22 0 d
8227 0 23 0 d
8739 0 23 0 d
11299 0 24 0 d
8227 0 25 0 d
8227 0 26 0 d
8739 0 26 0 d
11299 0 27 0 d
11299 0 28 0 d
8227 0 29 0 d
8739 0 29 0 d
8227 0 30 0 d
8227 0 31 0 d
8227 0 32 0 d
8227 0 33 0 d
9763 0 34 0 d
8739 0 35 0 d
7793 0 36 0 d
7793 0 37 0 d
7793 0 38 0 d
7793 0 39 0 d
7793 0 40 0 d
7793 0 41 0 d
7793 0 43 0 d
7793 0 44 0 d
7793 0 45 0 d
7793 0 46 0 d
7793 0 47 0 d
7793 0 48 0 d
7793 0 49 0 d
7793 0 50 0 d
7793 0 51 0 d
7793 0 52 0 d
7793 0 53 0 d
7793 0 54 0 d
11202 0 55 0 d
43970 0 55 0 d
95170 0 55 0 d
31682 0 55 0 d
95746 0 56 0 d
11778 0 56 0 d
32258 0 56 0 d
44546 0 56 0 d
95170 0 57 0 d
11202 0 58 0 d
31682 0 58 0 d
11778 0 59 0 d
32258 0 59 0 d
31682 0 60 0 d
95170 0 60 0 d
11202 0 60 0 d
11778 0 61 0 d
95170 0 61 0 d
31682 0 61 0 d
11202 0 61 0 d
43970 0 61 0 d
11778 0 62 0 d
32258 0 62 0 d
44546 0 62 0 d
110082 0 62 0 d
95746 0 62 0 d
31682 0 63 0 d
31682 0 64 0 d
95170 0 64 0 d
29634 0 65 0 d
11202 0 65 0 d
43970 0 65 0 d
95170 0 65 0 d
31682 0 65 0 d
11778 0 66 0 d
11778 0 67 0 d
11202 0 68 0 d
31682 0 68 0 d
11202 0 69 0 d
43970 0 69 0 d
31682 0 69 0 d
11202 0 70 0 d
31682 0 70 0 d
11202 0 71 0 d
31682 0 71 0 d
44546 0 72 0 d
11778 0 72 0 d
90316 0 73 0 d
24780 0 73 0 d
90316 0 74 0 d
24780 0 74 0 d
20684 0 75 0 d
53452 0 75 0 d
24780 0 76 0 d
90316 0 78 0 d
24780 0 78 0 d
24780 0 79 0 d
90316 0 80 0 d
53452 0 81 0 d
24780 0 82 0 d
24780 0 83 0 d
24780 0 84 0 d
24780 0 86 0 d
53452 0 87 0 d
24780 0 88 0 d
90316 0 88 0 d
90828 0 89 0 d
25292 0 89 0 d
21196 0 90 0 d
53964 0 90 0 d
86732 0 90 0 d
25292 0 91 0 d
25292 0 92 0 d
90828 0 92 0 d
25292 0 93 0 d
90828 0 93 0 d
25292 0 94 0 d
90828 0 94 0 d
25292 0 95 0 d
25292 0 96 0 d
90828 0 96 0 d
90828 0 97 0 d
21196 0 98 0 d
25292 0 99 0 d
25292 0 100 0 d
53964 0 101 0 d
21196 0 102 0 d
90828 0 103 0 d
25292 0 103 0 d
90828 0 104 0 d
25292 0 104 0 d
53964 0 105 0 d
86732 0 105 0 d
21196 0 105 0 d
25292 0 106 0 d
25292 0 107 0 d
25292 0 108 0 d
25292 0 109 0 d
90828 0 109 0 d
25292 0 110 0 d
90828 0 111 0 d
25292 0 111 0 d
25292 0 112 0 d
90828 0 112 0 d
25292 0 113 0 d
25292 0 114 0 d
90828 0 114 0 d
25292 0 115 0 d
25292 0 116 0 d
25292 0 117 0 d
90828 0 118 0 d
25292 0 119 0 d
90828 0 119 0 d
8202 0 120 0 q
73738 0 120 0 q
81930 0 120 0 q
32778 0 120 0 q
33802 0 120 0 q
1034 0 120 0 q
10 0 120 0 q
10 0 121 0 q
16394 0 121 0 q
1034 0 121 0 q
8202 0 121 0 q
32778 0 122 0 q
33802 0 122 0 q
10 0 123 0 q
8202 0 123 0 q
10 0 124 0 q
8202 0 124 0 q
8202 0 125 0 q
16394 0 126 0 q
10 0 126 0 q
8202 0 126 0 q
73738 0 127 0 q
81930 0 127 0 q
73738 0 128 0 q
10 0 128 0 q
8202 0 128 0 q
16394 0 128 0 q
16394 0 129 0 q
10 0 129 0 q
73738 0 130 0 q
100362 0 131 0 q
2058 0 131 0 q
10 0 132 0 q
1034 0 132 0 q
10 0 133 0 q
10 0 134 0 q
10 0 135 0 q
2058 0 136 0 q
10 0 137 0 q
1034 0 137 0 q
32778 0 138 0 q
10 0 138 0 q
8202 0 139 0 q
8202 0 140 0 q
266 0 141 0 q
10 0 141 0 q
8202 0 141 0 q
3082 0 141 0 q
98570 0 142 0 q
10 0 142 0 q
3082 0 142 0 q
266 0 142 0 q
32778 0 142 0 q
8202 0 142 0 q
266 0 143 0 q
10 0 144 0 q
16394 0 144 0 q
1290 0 144 0 q
266 0 144 0 q
17674 0 144 0 q
1034 0 144 0 q
1290 0 145 0 q
266 0 145 0 q
19466 0 145 0 q
17674 0 145 0 q
10 0 145 0 q
1034 0 145 0 q
16394 0 145 0 q
16650 0 145 0 q
8202 0 145 0 q
33802 0 146 0 q
83210 0 146 0 q
16394 0 146 0 q
34058 0 146 0 q
82186 0 146 0 q
1290 0 146 0 q
8202 0 146 0 q
10 0 146 0 q
81930 0 146 0 q
73738 0 146 0 q
19466 0 146 0 q
1290 0 147 0 q
19466 0 147 0 q
8202 0 147 0 q
19466 0 148 0 q
10 0 149 0 q
16394 0 149 0 q
8202 0 149 0 q
1034 0 149 0 q
32778 0 150 0 q
81930 0 150 0 q
16394 0 151 0 q
1034 0 151 0 q
10 0 152 0 q
32778 0 153 0 q
32778 0 154 0 q
266 0 155 0 q
10 0 156 0 q
10 0 157 0 q
1290 0 158 0 q
83210 0 160 0 q
33546 0 160 0 q
778 0 160 0 q
778 0 161 0 q
10 0 161 0 q
33546 0 162 0 q
778 0 163 0 q
33034 0 164 0 q
8458 0 164 0 q
8458 0 166 0 q
10 0 167 0 q
16650 0 167 0 q
778 0 169 0 q
8458 0 170 0 q
266 0 170 0 q
1290 0 170 0 q
266 0 171 0 q
8458 0 171 0 q
73994 0 171 0 q
266 0 172 0 q
8458 0 172 0 q
16650 0 172 0 q
83722 0 173 0 q
1802 0 173 0 q
34570 0 173 0 q
1802 0 174 0 q
18186 0 174 0 q
1802 0 175 0 q
34570 0 176 0 q
18186 0 177 0 q
1802 0 177 0 q
1802 0 178 0 q
1802 0 179 0 q
1802 0 180 0 q
18186 0 181 0 q
18186 0 182 0 q
75530 0 183 0 q
1802 0 184 0 q
9994 0 184 0 q
75530 0 185 0 q
9994 0 185 0 q
1
DARCY
